80
-0.346500 -0.346500 0.703500
-0.346500 -0.115500 0.703500
-0.346500 0.115500 0.703500
-0.346500 0.346500 0.703500
-0.115500 -0.346500 0.703500
-0.115500 -0.115500 0.703500
-0.115500 0.115500 0.703500
-0.115500 0.346500 0.703500
0.115500 -0.346500 0.703500
0.115500 -0.115500 0.703500
0.115500 0.115500 0.703500
0.115500 0.346500 0.703500
0.346500 -0.346500 0.703500
0.346500 -0.115500 0.703500
0.346500 0.115500 0.703500
0.346500 0.346500 0.703500
0.346500 -0.346500 -0.703500
0.346500 -0.346500 -0.422100
0.346500 -0.346500 -0.140700
0.346500 -0.346500 0.140700
0.346500 -0.346500 0.422100
0.346500 -0.115500 -0.703500
0.346500 -0.115500 -0.422100
0.346500 -0.115500 -0.140700
0.346500 -0.115500 0.140700
0.346500 -0.115500 0.422100
0.346500 0.115500 -0.703500
0.346500 0.115500 -0.422100
0.346500 0.115500 -0.140700
0.346500 0.115500 0.140700
0.346500 0.115500 0.422100
0.346500 0.346500 -0.703500
0.346500 0.346500 -0.422100
0.346500 0.346500 -0.140700
0.346500 0.346500 0.140700
0.346500 0.346500 0.422100
-0.346500 0.346500 -0.703500
-0.346500 0.346500 -0.422100
-0.346500 0.346500 -0.140700
-0.346500 0.346500 0.140700
-0.346500 0.346500 0.422100
-0.115500 0.346500 -0.703500
-0.115500 0.346500 -0.422100
-0.115500 0.346500 -0.140700
-0.115500 0.346500 0.140700
-0.115500 0.346500 0.422100
0.115500 0.346500 -0.703500
0.115500 0.346500 -0.422100
0.115500 0.346500 -0.140700
0.115500 0.346500 0.140700
0.115500 0.346500 0.422100
-0.346500 -0.346500 -0.703500
-0.346500 -0.346500 -0.422100
-0.346500 -0.346500 -0.140700
-0.346500 -0.346500 0.140700
-0.346500 -0.346500 0.422100
-0.346500 -0.115500 -0.703500
-0.346500 -0.115500 -0.422100
-0.346500 -0.115500 -0.140700
-0.346500 -0.115500 0.140700
-0.346500 -0.115500 0.422100
-0.346500 0.115500 -0.703500
-0.346500 0.115500 -0.422100
-0.346500 0.115500 -0.140700
-0.346500 0.115500 0.140700
-0.346500 0.115500 0.422100
-0.115500 -0.346500 -0.703500
-0.115500 -0.115500 -0.703500
-0.115500 0.115500 -0.703500
0.115500 -0.346500 -0.703500
0.115500 -0.115500 -0.703500
0.115500 0.115500 -0.703500
-0.115500 -0.346500 -0.422100
-0.115500 -0.346500 -0.140700
-0.115500 -0.346500 0.140700
-0.115500 -0.346500 0.422100
0.115500 -0.346500 -0.422100
0.115500 -0.346500 -0.140700
0.115500 -0.346500 0.140700
0.115500 -0.346500 0.422100
