128
-2.000000 -0.100000 2.000000
-2.000000 0.100000 2.000000
-1.428571 -0.100000 2.000000
-1.428571 0.100000 2.000000
-0.857143 -0.100000 2.000000
-0.857143 0.100000 2.000000
-0.285714 -0.100000 2.000000
-0.285714 0.100000 2.000000
0.285714 -0.100000 2.000000
0.285714 0.100000 2.000000
0.857143 -0.100000 2.000000
0.857143 0.100000 2.000000
1.428571 -0.100000 2.000000
1.428571 0.100000 2.000000
2.000000 -0.100000 2.000000
2.000000 0.100000 2.000000
2.000000 -0.100000 -2.000000
2.000000 -0.100000 -1.428571
2.000000 -0.100000 -0.857143
2.000000 -0.100000 -0.285714
2.000000 -0.100000 0.285714
2.000000 -0.100000 0.857143
2.000000 -0.100000 1.428571
2.000000 0.100000 -2.000000
2.000000 0.100000 -1.428571
2.000000 0.100000 -0.857143
2.000000 0.100000 -0.285714
2.000000 0.100000 0.285714
2.000000 0.100000 0.857143
2.000000 0.100000 1.428571
-2.000000 0.100000 -2.000000
-2.000000 0.100000 -1.428571
-2.000000 0.100000 -0.857143
-2.000000 0.100000 -0.285714
-2.000000 0.100000 0.285714
-2.000000 0.100000 0.857143
-2.000000 0.100000 1.428571
-1.428571 0.100000 -2.000000
-1.428571 0.100000 -1.428571
-1.428571 0.100000 -0.857143
-1.428571 0.100000 -0.285714
-1.428571 0.100000 0.285714
-1.428571 0.100000 0.857143
-1.428571 0.100000 1.428571
-0.857143 0.100000 -2.000000
-0.857143 0.100000 -1.428571
-0.857143 0.100000 -0.857143
-0.857143 0.100000 -0.285714
-0.857143 0.100000 0.285714
-0.857143 0.100000 0.857143
-0.857143 0.100000 1.428571
-0.285714 0.100000 -2.000000
-0.285714 0.100000 -1.428571
-0.285714 0.100000 -0.857143
-0.285714 0.100000 -0.285714
-0.285714 0.100000 0.285714
-0.285714 0.100000 0.857143
-0.285714 0.100000 1.428571
0.285714 0.100000 -2.000000
0.285714 0.100000 -1.428571
0.285714 0.100000 -0.857143
0.285714 0.100000 -0.285714
0.285714 0.100000 0.285714
0.285714 0.100000 0.857143
0.285714 0.100000 1.428571
0.857143 0.100000 -2.000000
0.857143 0.100000 -1.428571
0.857143 0.100000 -0.857143
0.857143 0.100000 -0.285714
0.857143 0.100000 0.285714
0.857143 0.100000 0.857143
0.857143 0.100000 1.428571
1.428571 0.100000 -2.000000
1.428571 0.100000 -1.428571
1.428571 0.100000 -0.857143
1.428571 0.100000 -0.285714
1.428571 0.100000 0.285714
1.428571 0.100000 0.857143
1.428571 0.100000 1.428571
-2.000000 -0.100000 -2.000000
-2.000000 -0.100000 -1.428571
-2.000000 -0.100000 -0.857143
-2.000000 -0.100000 -0.285714
-2.000000 -0.100000 0.285714
-2.000000 -0.100000 0.857143
-2.000000 -0.100000 1.428571
-1.428571 -0.100000 -2.000000
-0.857143 -0.100000 -2.000000
-0.285714 -0.100000 -2.000000
0.285714 -0.100000 -2.000000
0.857143 -0.100000 -2.000000
1.428571 -0.100000 -2.000000
-1.428571 -0.100000 -1.428571
-1.428571 -0.100000 -0.857143
-1.428571 -0.100000 -0.285714
-1.428571 -0.100000 0.285714
-1.428571 -0.100000 0.857143
-1.428571 -0.100000 1.428571
-0.857143 -0.100000 -1.428571
-0.857143 -0.100000 -0.857143
-0.857143 -0.100000 -0.285714
-0.857143 -0.100000 0.285714
-0.857143 -0.100000 0.857143
-0.857143 -0.100000 1.428571
-0.285714 -0.100000 -1.428571
-0.285714 -0.100000 -0.857143
-0.285714 -0.100000 -0.285714
-0.285714 -0.100000 0.285714
-0.285714 -0.100000 0.857143
-0.285714 -0.100000 1.428571
0.285714 -0.100000 -1.428571
0.285714 -0.100000 -0.857143
0.285714 -0.100000 -0.285714
0.285714 -0.100000 0.285714
0.285714 -0.100000 0.857143
0.285714 -0.100000 1.428571
0.857143 -0.100000 -1.428571
0.857143 -0.100000 -0.857143
0.857143 -0.100000 -0.285714
0.857143 -0.100000 0.285714
0.857143 -0.100000 0.857143
0.857143 -0.100000 1.428571
1.428571 -0.100000 -1.428571
1.428571 -0.100000 -0.857143
1.428571 -0.100000 -0.285714
1.428571 -0.100000 0.285714
1.428571 -0.100000 0.857143
1.428571 -0.100000 1.428571
