96
-0.450000 -4.000000 0.000000
0.450000 4.000000 0.000000
0.000000 0.000000 0.450000
0.318198 -2.000000 -0.318198
-0.318198 2.000000 -0.318198
0.172208 -3.000000 0.415746
-0.415746 -1.000000 -0.172208
0.415746 1.000000 -0.172208
-0.172208 3.000000 0.415746
-0.172208 -3.000000 -0.415746
-0.415746 1.000000 0.172208
0.450000 -4.000000 0.000000
-0.000000 0.000000 -0.450000
0.318198 2.000000 0.318198
-0.450000 4.000000 0.000000
0.415746 -1.000000 0.172208
0.172208 3.000000 -0.415746
-0.318198 -2.000000 0.318198
0.415746 -3.000000 -0.172208
0.318198 -2.000000 0.318198
-0.318198 -2.000000 -0.318198
-0.318198 2.000000 0.318198
0.318198 2.000000 -0.318198
-0.000000 -4.000000 -0.450000
0.450000 0.000000 0.000000
-0.000000 4.000000 -0.450000
0.000000 -4.000000 0.450000
-0.450000 0.000000 0.000000
0.172208 1.000000 0.415746
0.000000 4.000000 0.450000
-0.172208 -1.000000 0.415746
-0.415746 3.000000 -0.172208
-0.415746 -3.000000 0.172208
0.172208 -1.000000 -0.415746
-0.172208 1.000000 -0.415746
0.415746 3.000000 0.172208
0.000000 -4.000000 0.000000
0.000000 4.000000 0.000000
-0.318198 -4.000000 -0.318198
-0.450000 -2.000000 0.000000
-0.318198 0.000000 -0.318198
-0.450000 2.000000 0.000000
-0.318198 4.000000 -0.318198
0.318198 -4.000000 0.318198
-0.318198 -4.000000 0.318198
0.450000 -2.000000 0.000000
0.000000 -2.000000 0.450000
0.318198 0.000000 0.318198
-0.318198 0.000000 0.318198
0.450000 2.000000 0.000000
0.000000 2.000000 0.450000
0.318198 4.000000 0.318198
-0.318198 4.000000 0.318198
0.318198 -4.000000 -0.318198
-0.000000 -2.000000 -0.450000
0.318198 0.000000 -0.318198
-0.000000 2.000000 -0.450000
0.318198 4.000000 -0.318198
0.415746 -3.000000 0.172208
-0.172208 -3.000000 0.415746
0.172208 -1.000000 0.415746
-0.415746 -1.000000 0.172208
0.415746 1.000000 0.172208
-0.172208 1.000000 0.415746
0.172208 3.000000 0.415746
-0.415746 3.000000 0.172208
-0.415746 -3.000000 -0.172208
-0.172208 -1.000000 -0.415746
-0.415746 1.000000 -0.172208
-0.172208 3.000000 -0.415746
0.172208 -3.000000 -0.415746
0.415746 -1.000000 -0.172208
0.172208 1.000000 -0.415746
0.415746 3.000000 -0.172208
-0.000000 -3.000000 -0.450000
-0.000000 -1.000000 -0.450000
-0.000000 1.000000 -0.450000
-0.000000 3.000000 -0.450000
0.450000 -3.000000 0.000000
0.000000 -3.000000 0.450000
0.450000 -1.000000 0.000000
0.000000 -1.000000 0.450000
0.450000 1.000000 0.000000
0.000000 1.000000 0.450000
0.450000 3.000000 0.000000
0.000000 3.000000 0.450000
-0.450000 -3.000000 0.000000
-0.450000 -1.000000 0.000000
-0.450000 1.000000 0.000000
-0.450000 3.000000 0.000000
0.172208 -4.000000 0.415746
-0.415746 -4.000000 -0.172208
0.172208 -2.000000 0.415746
-0.415746 -2.000000 -0.172208
0.172208 0.000000 0.415746
-0.415746 0.000000 -0.172208
