162
0.000000 0.500000 0.000000
-0.057932 0.493789 0.053070
0.009683 0.487577 -0.110337
0.082278 0.481366 0.107316
-0.153273 0.475156 -0.027112
0.146365 0.468944 -0.093105
-0.049173 0.462733 0.182921
-0.093993 0.456522 -0.180978
0.204117 0.450311 0.074543
-0.212349 0.444099 0.087655
0.102299 0.437888 -0.218607
0.075509 0.431677 0.240735
-0.227238 0.425466 -0.131689
0.266089 0.419254 -0.058499
-0.162055 0.413044 0.230507
-0.037354 0.406832 -0.288257
0.228760 0.400621 0.192799
-0.307050 0.394410 0.012698
0.223367 0.388199 -0.222280
-0.014903 0.381987 0.322279
-0.211329 0.375777 -0.253243
0.333774 0.369565 0.044909
-0.281943 0.363354 0.196168
0.076802 0.357143 -0.341394
0.177074 0.350932 0.309018
-0.345037 0.344720 -0.110076
0.334052 0.338510 -0.154340
-0.144233 0.332298 0.344637
-0.128285 0.326087 -0.356666
0.340170 0.319876 0.178784
-0.376516 0.313665 0.099249
0.213253 0.307453 -0.331657
0.067592 0.301242 0.393300
-0.319158 0.295031 -0.247174
0.406753 0.288820 -0.033698
-0.280100 0.282608 0.302781
0.002033 0.276398 -0.416654
0.282671 0.270186 0.311603
-0.422826 0.263975 -0.039188
0.341275 0.257764 -0.259016
-0.077341 0.251553 0.425135
-0.232040 0.245341 -0.368735
0.423493 0.239130 0.116062
-0.393628 0.232920 0.202004
0.154916 0.226708 -0.417857
0.169200 0.220497 0.415635
-0.408230 0.214285 -0.193468
0.434468 0.208074 -0.133951
-0.231292 0.201864 0.394659
-0.096605 0.195652 -0.449875
0.377233 0.189441 0.267969
-0.461645 0.183230 0.057534
0.303094 0.177018 -0.356088
0.017125 0.170808 0.469608
-0.331396 0.164597 -0.336282
0.473633 0.158385 0.024217
-0.367165 0.152174 0.303370
0.066081 0.145962 -0.473633
0.272259 0.139752 0.395404
-0.469567 0.133541 -0.108046
0.420689 0.127329 -0.238345
-0.149695 0.121118 0.461435
-0.201941 0.114907 -0.442738
0.449282 0.108696 0.190608
-0.461305 0.102485 0.163385
0.230379 0.096273 -0.433194
0.123039 0.090062 0.476183
-0.413302 0.083851 -0.268608
0.487201 0.077640 -0.081285
-0.304916 0.071429 0.389774
-0.038519 0.065217 -0.494229
0.362818 0.059006 0.338941
-0.497181 0.052795 -0.004851
0.370344 0.046584 -0.332678
-0.048412 0.040372 0.496011
-0.299632 0.034161 -0.398815
0.490715 0.027950 0.091747
-0.424075 0.021739 0.263985
0.134442 0.015528 -0.481336
0.226074 0.009317 0.445874
-0.467956 0.003106 -0.176090
0.464003 -0.003106 -0.186256
-0.216293 -0.009317 0.450699
-0.144910 -0.015528 -0.478289
0.429733 -0.021739 0.254671
-0.488597 -0.027950 0.102430
0.290861 -0.034161 -0.405257
0.059221 -0.040372 0.494837
-0.377514 -0.046584 -0.324520
0.496957 -0.052795 -0.015696
-0.355339 -0.059006 0.346775
0.027728 -0.065217 -0.494953
0.313346 -0.071429 0.383030
-0.488858 -0.077640 -0.070638
0.407344 -0.083851 -0.277560
-0.112622 -0.090062 0.478753
-0.239774 -0.096273 -0.428065
0.464759 -0.102485 0.153282
-0.445016 -0.108696 0.200363
0.192235 -0.114907 -0.447037
0.159724 -0.121118 0.458060
-0.425788 -0.127329 -0.229111
0.467098 -0.133541 -0.118264
-0.263568 -0.139752 0.401249
-0.076397 -0.145962 -0.472079
0.373695 -0.152174 0.295288
-0.472992 -0.158385 0.034543
0.323981 -0.164597 -0.343431
-0.006877 -0.170808 0.469869
-0.310790 -0.177018 -0.349391
0.462791 -0.183230 0.047449
-0.371298 -0.189441 0.276134
0.086768 -0.195652 -0.451875
0.239846 -0.201864 0.389519
-0.437287 -0.208074 -0.124441
0.403913 -0.214285 -0.202327
-0.160092 -0.220497 0.419227
-0.163994 -0.226708 -0.414378
0.397941 -0.232920 0.193368
-0.420861 -0.239130 0.125273
0.223940 -0.245341 -0.373708
0.086597 -0.251553 0.423347
-0.346844 -0.257764 -0.251509
0.421870 -0.263975 -0.048402
-0.275806 -0.270186 0.317696
-0.011121 -0.276398 -0.416510
0.286639 -0.282608 0.296598
-0.407390 -0.288820 -0.024817
0.313690 -0.295031 -0.254078
-0.058997 -0.301242 0.394680
-0.220437 -0.307453 -0.326925
0.378592 -0.313665 0.091011
-0.336189 -0.319876 0.186162
0.120474 -0.326087 -0.359379
0.151717 -0.332298 0.341409
-0.337339 -0.338510 -0.147016
0.342554 -0.344720 -0.117577
-0.170291 -0.350932 0.312807
-0.084232 -0.357143 -0.339638
0.286155 -0.363354 0.189971
-0.332715 -0.369565 0.052179
0.205755 -0.375777 -0.257793
0.021930 -0.381987 0.321877
-0.228163 -0.388199 -0.217355
0.307254 -0.394410 0.005997
-0.224500 -0.400621 0.197743
0.031057 -0.406832 -0.289004
0.167045 -0.413044 0.226916
-0.267302 -0.419254 -0.052680
0.224310 -0.425466 -0.136614
-0.070239 -0.431677 0.242325
-0.107043 -0.437888 -0.216323
0.214211 -0.444099 0.083002
-0.202442 -0.450311 0.078978
0.090023 -0.456522 -0.182985
0.053152 -0.462733 0.181805
-0.148362 -0.468944 -0.089890
0.152644 -0.475156 -0.030449
-0.079917 -0.481366 0.109086
-0.012088 -0.487577 -0.110100
0.059076 -0.493789 0.051794
0.000000 -0.500000 0.000000
